18.08212064106238	-11.658315795789122	20.10654297691255
19.13674436902604	-11.729271910962709	16.442050921779213
17.018933397264746	-10.037576420860006	13.746004732142637
15.865083657648036	-11.887783881473453	10.620499312042284
16.27687853306793	-11.15448713095057	6.955379279048742
13.128334860787	-10.843341239401937	4.806722261767476
12.538821029512981	-9.817496414350671	1.1619122752726412
-6.689010201172732	-3.0278151623816183	-22.183192609017276
4.18064026408693	-14.214863855199143	-16.381231581061467
-7.632116111753065	-11.865025301688181	-6.165853876289897
2.7551274541349984	-7.337820650208928	1.982709117710111
3.4244966144717712	-7.053690789071476	13.143526847715084
-2.627839061220118	-1.6263703613854223	-9.154678040211422
-12.641818440817573	-3.484352174565797	2.3335789763062222
-8.420238607018595	-10.222587566690997	17.59726304963198
0.5260669495631513	-7.708061714608398	28.841195767310264
0.05238574456970414	-0.8005393318156532	17.592638636330765
-10.479477740338417	4.792657701247265	12.935133900561672
-1.9967094053816714	16.93718311516854	8.145114107973296
2.382607117282636	16.749387952803236	-0.9598924118227405
11.27984551995878	9.5852118995286	13.598570306788275
-6.563585006088514	11.631832544440444	-1.8818005846533041
5.997744039244964	10.114826419603608	-13.497585643775471
17.264169985578253	4.981281620022782	-4.508261310956919
10.741119741818236	3.3436023338480925	4.296056640936962
8.682905115155016	-3.9449493594376612	-12.070825071479248
15.091973303832305	-8.452286835477679	-4.800448856853734
15.346149325241498	-6.032023907478305	-1.8644928099258777
15.987055122927451	-7.376234573698511	1.587828067876842
15.459538600019172	-5.889885379188627	5.016993912515829
16.757948482109256	-6.930580030464554	8.39770188879774
13.795845085651578	-7.005994886890534	10.797329582446139
13.005621660875384	-7.399092885859858	14.453868096142003
9.774828812596937	-7.031157582373254	16.428271596939425
9.479943729537212	-3.7040601216407367	18.231371503926283
9.771110036015827	-5.040092928046121	21.804242831329503
10.186746964218543	-2.6766026794753373	24.79223961660645
11.311056562843788	-3.7868477226956827	28.266236575506042
11.162176852055495	-1.746116301018759	31.47378222542227