111.279000 14.891600 147.997000
-0.633105 1.084960 -0.983211
192.562000 14.891600 147.997000
-0.633105 1.084960 -0.983211
147.748481 -5.372231 167.037583
-0.097923 0.004016 -0.081264
151.912803 14.851549 5466.384474
-0.000006 0.000001 -0.000000
128.541991 -7.213699 157.331427
125.282222 -7.996153 155.541077
123.011539 -5.299526 154.119285
119.324253 -4.974101 154.978460
116.133451 -4.918506 152.916163
113.771070 -1.948235 153.108774
110.742948 -0.752436 151.148520
88.692438 20.226736 145.278894
91.780303 5.305563 151.971113
100.466275 16.573154 158.827657
111.009002 9.069147 153.599822
121.582623 8.234638 157.148734
101.848028 16.805567 147.129680
110.535614 24.534490 157.154725
123.028411 17.238490 166.476958
135.570510 10.015006 164.659741
127.384695 13.910176 155.053057
123.508084 25.978105 153.254910
124.337509 24.020789 137.831806
116.401048 20.324493 132.785540
128.733309 8.686154 140.194959
112.579765 26.040604 140.518426
102.976071 14.524864 132.141580
111.140281 1.866258 134.824667
117.883321 6.665567 142.189870
99.896050 5.761669 143.125337
106.008176 -2.223171 146.749542
109.078240 -4.228174 145.721781
112.620414 -5.494550 145.125751
116.362134 -6.145247 144.841430
120.158335 -6.380881 145.031792
123.912710 -6.380549 145.669300
127.542997 -6.274207 146.814469
130.966436 -6.146493 148.477293
134.160549 -6.049883 150.548263
137.156466 -5.990409 152.897911
140.057664 -5.947380 155.363757
142.926672 -5.906333 157.866192
145.709863 -5.851424 160.466992
209.868333 -7.199758 157.244318
206.601958 -7.972581 155.461688
204.302485 -5.317507 154.008137
200.621754 -4.986051 154.894857
197.461512 -4.929677 152.785062
195.083204 -1.977107 153.044231
192.025948 -0.752436 151.148520
169.975438 20.226736 145.278894
173.063303 5.305563 151.971113
181.749275 16.573154 158.827657
192.292002 9.069147 153.599822
202.865623 8.234638 157.148734
183.131028 16.805567 147.129680
191.818614 24.534490 157.154725
204.311411 17.238490 166.476958
216.853510 10.015006 164.659741
208.667695 13.910176 155.053057
204.791084 25.978105 153.254910
205.620509 24.020789 137.831806
197.684048 20.324493 132.785540
210.016309 8.686154 140.194959
193.862765 26.040604 140.518426
184.259071 14.524864 132.141580
192.423281 1.866258 134.824667
199.166321 6.665567 142.189870
181.179050 5.761669 143.125337
187.291176 -2.223171 146.749542
188.562411 -5.767556 147.239959
185.780736 -7.600905 149.079055
182.248292 -8.137348 150.389625
178.643189 -8.468634 151.563564
175.010232 -8.650406 152.683679
171.360460 -8.601886 153.762410
167.710446 -8.327786 154.806050
164.064959 -7.937137 155.828194
160.421172 -7.510560 156.842276
156.779022 -7.076611 157.859100
153.152912 -6.639394 158.930205
149.710071 -6.172852 160.471667
147.841113 -4.400479 176.995481
147.945249 -3.434542 186.953619
148.062849 -2.475293 196.912213
148.192431 -1.524588 206.871476
148.332609 -0.584167 216.831567
148.482052 0.344314 226.792638
148.639487 1.259273 236.754831
148.803691 2.159200 246.718278
148.973489 3.042641 256.683100
149.147749 3.908186 266.649410
149.325377 4.754463 276.617310
149.505309 5.580113 286.586892
149.686509 6.383781 296.558241
149.867961 7.164089 306.531435
150.048660 7.919624 316.506545
150.227608 8.648901 326.483634
150.403801 9.350345 336.462762
150.576222 10.022260 346.443982
150.743831 10.662788 356.427342
150.905548 11.269880 366.412881
151.060249 11.841254 376.400634
151.206744 12.374346 386.390621
151.343766 12.866268 396.382848
151.469952 13.313752 406.377300
151.583827 13.713095 416.373933
151.683783 14.060099 426.372662
151.768058 14.350001 436.373348
151.834713 14.577408 446.375776
151.881608 14.736218 456.379632
147.748481 -5.372231 167.037583
145.702435 -5.853219 160.469300
149.689213 -6.178183 160.469174
147.828263 -4.397276 176.989623
151.912803 14.851549 5466.384474
151.906375 14.819539 466.384474
0.000000 0.000000
